"","V1","V2","V3","V4","V5","V6","V7","V8","V9","V10","V11","V12","V13","V14","V15","V16","V17","V18","V19","V20","V21","V22","V23","V24","V25","V26","V27","V28","V29","V30","V31","V32","V33","V34","V35","V36","V37","V38","V39","V40","V41","V42","V43","V44","V45","V46","V47","V48","V49","V50","V51","V52","V53","V54","V55","V56","V57","V58","V59","V60","V61","V62","V63","V64","V65","V66","V67","V68","V69","V70","V71","V72","V73","V74","V75","V76","V77","V78","V79","V80","V81","V82","V83","V84","V85","V86","V87","V88","V89","V90","V91","V92","V93","V94","V95","V96","V97","V98","V99","V100","V101","V102","V103","V104","V105","V106","V107","V108","V109","V110","V111","V112","V113","V114","V115","V116","V117","V118","V119","V120","V121","V122","V123","V124","V125","V126","V127","V128","V129","V130","V131","V132","V133","V134","V135","V136","V137","V138","V139","V140","V141","V142","V143","V144","V145","V146","V147","V148","V149","V150","V151","V152","V153","V154","V155","V156","V157","V158","V159","V160","V161","V162","V163","V164","V165","V166","V167","V168","V169","V170","V171","V172","V173","V174","V175","V176","V177","V178","V179","V180","V181","V182","V183","V184","V185","V186","V187","V188","V189","V190","V191","V192","V193","V194","V195","V196","V197","V198","V199","V200","V201","V202","V203","V204","V205","V206","V207","V208","V209","V210","V211","V212","V213","V214","V215","V216","V217"
"1",3198,2247,885,1343,1044,649,896,819,579,1068,892,1707,1975,687,756,594,1445,1014,673,692,1154,1920,1920,472,918,795,282,447,668,631,675,502,946,399,216,217,217,467,838,418,527,368,490,339,467,443,272,430,266,276,764,415,324,351,382,634,424,337,337,337,455,371,155,203,371,371,526,236,236,236,236,82,474,303,272,413,349,132,257,260,300,396,232,275,214,159,354,414,266,430,107,192,255,533,165,178,177,177,92,133,274,156,133,151,280,164,300,278,337,250,427,275,247,242,93,256,93,93,201,93,93,201,201,271,257,194,333,195,93,241,335,138,0,247,260,260,260,260,182,171,151,152,117,170,274,290,267,249,289,482,376,141,248,230,235,189,112,194,161,243,196,156,120,375,76,161,161,120,124,225,20,192,226,191,266,214,368,118,118,118,118,75,118,118,118,118,118,239,45,320,216,136,166,96,172,136,74,217,172,218,184,204,200,155,218,251,280,202,180,155,156,229,246,195,195,195,195
"2",2247,1959,900,1000,809,660,803,730,658,792,675,1068,1153,584,627,589,887,761,624,682,755,1080,1080,480,742,551,465,359,503,492,568,448,602,391,335,350,350,381,575,389,398,341,379,337,430,345,339,430,159,323,486,376,314,305,280,411,361,291,291,291,315,286,250,205,286,286,351,240,240,240,240,95,343,334,246,327,239,220,235,228,208,284,218,252,287,249,241,276,213,314,164,190,242,348,273,153,180,180,114,178,260,178,178,159,206,214,208,195,236,202,301,191,185,215,150,218,150,150,168,150,150,168,168,193,194,191,219,150,150,182,230,137,0,192,180,180,180,180,125,173,187,146,177,176,185,210,194,209,187,270,238,148,167,170,163,150,127,165,140,213,150,137,109,246,90,140,140,109,172,161,0,152,165,168,172,175,222,120,120,120,120,184,120,120,120,120,120,163,56,206,177,123,127,109,172,123,83,157,118,145,132,147,170,129,145,174,178,136,126,135,119,155,162,135,135,135,135
"3",885,900,3825,525,1245,2805,510,645,300,660,1590,0,120,525,540,225,105,135,510,510,660,0,0,2040,255,825,0,1065,450,615,210,135,600,225,45,0,0,375,435,315,345,225,300,0,210,885,195,60,150,150,375,225,150,285,285,150,120,225,225,225,525,300,0,0,300,300,390,1020,1020,1020,1020,0,135,195,150,75,375,0,225,405,300,150,150,75,15,0,300,180,225,75,60,150,195,0,0,510,765,765,0,0,75,75,0,75,60,210,300,240,135,180,0,225,255,240,0,195,0,0,150,0,0,150,150,180,150,150,0,75,0,180,240,255,0,75,300,300,300,300,0,0,120,45,60,120,75,0,120,90,75,0,0,255,0,150,225,405,0,60,150,0,75,75,75,0,105,150,150,75,60,135,0,210,150,255,150,180,120,510,510,510,510,15,510,510,510,510,510,150,0,0,60,75,165,0,0,75,30,120,150,150,210,60,0,375,150,135,120,60,0,255,210,195,180,225,225,225,225
"4",1343,1000,525,1038,516,385,513,590,247,381,358,423,505,301,316,236,609,387,408,344,660,480,480,280,390,365,96,237,447,261,299,374,332,225,77,77,77,249,237,187,443,214,246,374,242,185,115,216,142,92,265,186,149,211,303,359,361,203,203,203,161,215,55,57,215,215,278,140,140,140,140,20,273,202,180,232,143,49,91,148,148,166,124,198,77,105,162,324,136,168,41,68,88,162,74,84,105,105,50,89,158,51,89,73,100,109,148,184,214,309,115,181,243,89,33,102,33,33,113,33,33,113,113,82,81,61,78,99,33,166,124,58,0,145,92,92,92,92,42,48,121,119,66,170,121,75,101,79,104,120,189,131,292,121,125,81,34,101,57,72,58,118,62,90,56,57,57,62,26,116,0,115,119,97,126,74,102,70,70,70,70,48,70,70,70,70,70,72,13,78,54,90,79,73,73,90,46,154,102,114,110,83,151,91,114,100,148,148,252,108,126,119,76,69,69,69,69
"5",1044,809,1245,516,656,913,373,395,257,486,700,410,521,353,346,232,418,286,304,303,462,480,480,664,303,475,62,403,328,337,242,170,410,183,76,63,63,247,310,183,249,174,227,105,183,371,118,117,140,116,288,164,134,183,190,217,149,165,165,165,287,197,45,60,197,197,244,332,332,332,332,38,163,136,124,131,215,39,141,186,176,151,112,96,64,40,189,156,144,135,45,100,118,137,32,185,249,249,34,39,99,56,39,69,92,101,176,158,129,117,107,147,137,120,27,113,27,27,103,27,27,103,103,107,115,93,81,73,27,108,140,104,0,94,164,164,164,164,45,43,66,71,41,74,92,71,100,98,102,122,99,108,72,113,135,165,32,64,91,62,73,68,60,87,68,91,91,60,27,100,20,115,109,119,118,98,124,166,166,166,166,38,166,166,166,166,166,107,18,75,59,62,100,24,42,62,37,85,96,106,112,66,57,137,106,104,102,68,54,110,106,113,104,123,123,123,123
"6",649,660,2805,385,913,2057,374,473,220,484,1166,0,88,385,396,165,77,99,374,374,484,0,0,1496,187,605,0,781,330,451,154,99,440,165,33,0,0,275,319,231,253,165,220,0,154,649,143,44,110,110,275,165,110,209,209,110,88,165,165,165,385,220,0,0,220,220,286,748,748,748,748,0,99,143,110,55,275,0,165,297,220,110,110,55,11,0,220,132,165,55,44,110,143,0,0,374,561,561,0,0,55,55,0,55,44,154,220,176,99,132,0,165,187,176,0,143,0,0,110,0,0,110,110,132,110,110,0,55,0,132,176,187,0,55,220,220,220,220,0,0,88,33,44,88,55,0,88,66,55,0,0,187,0,110,165,297,0,44,110,0,55,55,55,0,77,110,110,55,44,99,0,154,110,187,110,132,88,374,374,374,374,11,374,374,374,374,374,110,0,0,44,55,121,0,0,55,22,88,110,110,154,44,0,275,110,99,88,44,0,187,154,143,132,165,165,165,165
"7",896,803,510,513,373,374,473,385,273,316,322,340,313,256,260,239,318,302,293,307,336,280,280,272,257,264,190,204,248,213,207,240,221,180,154,133,133,182,223,159,219,161,177,190,176,168,163,187,122,144,175,215,140,149,169,180,164,142,142,142,140,143,95,91,143,143,158,136,136,136,136,74,150,134,122,142,117,79,98,115,102,102,100,123,90,93,111,148,101,107,64,78,89,101,129,86,102,102,64,79,96,80,79,75,78,120,102,110,108,134,81,104,118,64,57,104,57,57,81,57,57,81,81,71,73,99,93,87,57,95,90,60,0,75,80,80,80,80,60,66,98,80,76,103,81,70,73,70,68,73,89,75,117,72,82,74,48,76,59,56,58,72,56,91,58,59,59,56,121,69,30,72,72,65,76,52,63,68,68,68,68,33,68,68,68,68,68,68,33,72,86,61,71,59,64,61,57,86,65,69,69,48,67,66,69,62,75,69,99,66,73,70,53,60,60,60,60
"8",819,730,645,590,395,473,385,410,253,282,327,224,234,241,253,214,297,251,304,283,381,200,200,344,253,254,149,230,271,207,202,244,210,178,117,119,119,180,173,160,257,161,167,224,171,176,135,161,97,113,162,154,126,154,182,188,206,144,144,144,126,145,85,67,145,145,171,172,172,172,172,43,156,146,126,138,106,73,88,124,100,103,98,126,77,93,108,176,99,97,61,70,84,83,89,97,129,129,53,79,101,64,79,68,74,103,100,113,121,175,64,110,146,79,51,85,51,51,81,51,51,81,81,68,63,68,51,71,51,108,88,65,0,86,72,72,72,72,33,50,95,75,68,112,73,51,69,57,59,51,91,98,145,77,82,79,40,71,53,49,46,77,51,53,51,53,53,51,61,72,10,79,74,77,74,61,58,86,86,86,86,48,86,86,86,86,86,52,24,45,52,63,59,57,54,63,44,92,65,69,74,53,81,82,69,62,82,82,126,81,83,76,56,54,54,54,54
"9",579,658,300,247,257,220,273,253,376,262,192,240,195,238,252,295,163,244,238,245,132,160,160,160,226,140,297,96,132,164,190,179,120,188,237,252,252,140,133,170,90,152,118,141,147,100,184,163,34,177,93,127,149,120,65,77,103,116,116,116,84,92,180,116,92,92,70,80,80,80,80,63,84,113,104,92,62,153,108,84,52,89,100,89,129,130,65,46,76,76,112,96,100,78,128,53,60,60,74,112,80,111,112,86,94,87,52,48,56,41,77,44,38,82,108,66,108,108,64,108,108,64,64,73,68,78,51,56,108,55,56,60,0,62,48,48,48,48,39,89,68,58,87,54,55,74,53,64,39,40,41,53,24,50,40,44,76,61,60,70,56,54,50,55,54,60,60,50,85,37,0,41,41,48,36,60,45,40,40,40,40,85,40,40,40,40,40,41,45,51,61,52,39,67,64,52,64,33,28,32,32,54,43,34,32,39,30,38,18,37,30,32,46,36,36,36,36
"10",1068,792,660,381,486,484,316,282,262,455,495,571,668,309,314,245,462,338,243,259,367,640,640,352,313,371,112,229,246,279,242,146,373,163,108,98,98,201,315,166,163,149,193,70,167,253,117,132,88,126,278,156,132,144,128,197,107,135,135,135,231,154,70,73,154,154,192,176,176,176,176,24,147,104,102,127,167,59,127,128,136,149,98,82,82,49,155,109,117,146,51,94,110,176,51,107,132,132,30,46,90,69,46,63,105,72,136,115,106,50,144,107,74,102,42,100,42,42,84,42,42,84,84,107,112,89,108,67,42,78,125,74,0,84,132,132,132,132,59,64,45,59,41,42,95,101,95,102,102,160,107,59,36,93,103,110,44,63,80,83,78,53,49,124,49,80,80,49,44,81,0,82,89,84,102,87,134,88,88,88,88,35,88,88,88,88,88,102,17,107,76,51,80,28,54,51,39,62,70,86,79,71,49,80,86,95,88,55,18,67,65,87,97,99,99,99,99
"11",892,675,1590,358,700,1166,322,327,192,495,846,363,486,347,339,177,340,225,267,278,418,440,440,848,249,528,0,466,299,365,196,93,439,144,42,0,0,240,329,173,201,144,214,0,152,452,94,67,107,96,295,155,107,167,167,173,79,144,144,144,336,192,0,22,192,192,243,424,424,424,424,0,126,105,96,92,240,0,144,202,192,140,96,59,36,0,203,113,144,114,23,96,116,110,0,223,318,318,0,0,70,48,0,48,67,97,192,158,104,69,88,144,117,125,0,116,0,0,96,0,0,96,96,113,118,96,66,59,0,91,147,117,0,70,192,192,192,192,33,22,46,53,23,46,81,55,90,95,92,110,66,106,11,107,144,202,11,45,96,44,70,48,48,77,65,96,96,48,23,93,0,119,107,128,118,102,123,212,212,212,212,14,212,212,212,212,212,118,0,66,56,48,110,0,22,48,28,68,96,107,119,56,22,163,107,104,90,45,0,117,108,116,113,144,144,144,144
"12",1707,1068,0,423,410,0,340,224,240,571,363,1155,1332,312,361,282,831,572,234,274,495,1320,1320,0,475,363,120,99,238,296,333,157,528,147,95,84,84,189,497,185,134,135,218,33,200,165,102,192,99,128,436,189,142,123,106,298,112,123,123,123,231,144,60,106,144,144,231,0,0,0,0,24,211,87,90,186,165,49,123,78,132,212,90,91,103,44,169,132,111,241,36,90,124,339,59,37,0,0,24,36,111,80,36,57,154,31,132,99,137,1,278,99,33,114,36,121,36,36,78,36,36,78,78,155,144,95,219,88,36,77,176,45,0,105,132,132,132,132,117,97,24,46,33,16,147,188,140,142,166,330,199,6,33,100,99,66,57,85,78,147,115,45,45,252,12,78,78,45,60,100,0,67,100,68,132,109,231,0,0,0,0,9,0,0,0,0,0,139,16,216,131,45,73,27,87,45,26,73,66,99,66,112,69,33,99,133,132,74,0,34,33,99,140,99,99,99,99
"13",1975,1153,120,505,521,88,313,234,195,668,486,1332,1607,346,392,267,1005,621,234,275,622,1600,1600,64,544,462,30,154,296,346,378,137,658,138,23,21,21,216,579,184,172,135,253,9,217,226,61,177,124,98,533,175,134,134,129,365,131,132,132,132,294,171,15,90,171,171,292,32,32,32,32,6,248,95,90,208,210,13,132,95,168,249,90,89,93,14,209,166,129,286,11,90,133,403,14,57,24,24,6,9,128,53,9,48,166,13,168,126,166,7,325,126,48,134,9,130,9,9,87,9,9,87,87,171,167,89,243,86,9,88,210,51,0,125,168,168,168,168,123,87,10,44,11,8,165,205,166,166,203,400,241,11,40,125,126,92,46,86,87,166,126,45,45,283,5,87,87,45,11,125,0,87,125,90,164,130,284,16,16,16,16,9,16,16,16,16,16,165,4,243,127,45,85,6,86,45,5,85,84,124,86,126,83,52,124,165,164,84,0,49,46,126,168,126,126,126,126
"14",687,584,525,301,353,385,256,241,238,309,347,312,346,239,237,204,270,228,206,209,239,320,320,280,218,254,132,170,186,200,175,135,225,142,121,112,112,154,188,136,132,126,140,88,131,180,111,111,61,112,163,119,110,117,107,128,96,110,110,110,154,116,80,64,116,116,127,140,140,140,140,28,103,92,88,93,113,68,98,101,100,102,82,73,75,62,106,80,88,92,59,78,84,99,59,82,105,105,35,54,71,66,54,57,74,69,94,85,76,55,84,78,64,76,48,71,48,48,66,48,48,66,66,73,76,68,60,52,48,61,79,63,24,63,88,88,88,88,40,52,47,54,46,45,64,64,61,69,61,80,64,56,38,66,72,79,40,49,60,56,54,47,41,68,47,60,60,41,43,55,0,61,62,62,66,61,74,70,70,70,70,43,70,70,70,70,70,64,20,60,51,44,58,34,43,44,41,46,50,58,57,50,40,60,58,60,55,43,27,53,52,58,61,66,66,66,66
"15",756,627,540,316,346,396,260,253,252,314,339,361,392,237,270,220,291,264,241,229,265,360,360,288,248,243,166,181,185,218,185,153,238,147,148,126,126,153,206,170,132,129,140,88,141,177,122,128,60,120,179,117,115,119,99,133,109,111,111,111,147,114,90,78,114,114,134,144,144,144,144,34,112,94,90,100,108,76,99,102,90,116,84,81,82,78,107,87,87,97,62,78,93,107,63,89,108,108,39,60,72,89,60,60,79,66,90,79,83,58,96,75,66,95,54,74,54,54,66,54,54,66,66,96,78,64,66,60,54,68,92,63,0,66,84,84,84,84,43,58,49,50,55,47,74,75,65,68,64,90,70,61,39,63,69,78,45,54,60,64,63,48,42,75,41,60,60,42,48,57,0,60,61,65,66,75,81,72,72,72,72,40,72,72,72,72,72,64,26,70,59,45,53,44,49,45,45,50,48,57,56,66,42,64,57,63,61,54,27,55,50,61,76,63,63,63,63
"16",594,589,225,236,232,165,239,214,295,245,177,282,267,204,220,242,203,234,202,209,151,240,240,120,215,140,228,90,126,150,173,150,139,152,182,189,189,122,143,144,86,125,110,111,130,90,143,140,50,140,110,111,122,101,62,89,93,98,98,98,84,83,135,100,83,83,76,60,60,60,60,60,85,95,86,88,64,115,90,70,52,87,82,77,106,102,65,51,67,80,84,78,85,89,100,46,45,45,61,85,72,89,85,70,81,68,52,47,57,36,83,44,35,72,81,60,81,81,55,81,81,55,55,68,63,65,60,52,81,49,58,48,0,57,48,48,48,48,42,73,54,49,68,44,55,71,53,61,47,61,51,42,26,47,40,39,61,53,51,66,53,45,43,63,42,51,51,43,66,39,10,38,41,43,40,55,54,30,30,30,30,66,30,30,30,30,30,43,38,57,56,43,36,52,56,43,49,33,29,34,31,51,41,29,34,42,36,37,18,32,27,34,47,36,36,36,36
"17",1445,887,105,609,418,77,318,297,163,462,340,831,1005,270,291,203,740,444,238,233,526,1000,1000,56,404,359,30,121,306,252,290,191,441,139,31,21,21,191,360,143,238,136,211,130,188,159,53,156,113,70,354,144,112,134,168,315,189,133,133,133,203,159,15,60,159,159,237,28,28,28,28,6,220,110,104,186,155,14,93,88,136,185,84,112,71,38,162,193,110,205,10,64,89,264,23,40,21,21,16,29,119,39,29,45,113,35,136,130,158,105,207,127,102,88,9,93,9,9,81,9,9,81,81,107,111,60,150,76,9,94,140,35,0,114,116,116,116,116,76,56,38,69,21,56,126,129,114,113,141,250,192,42,125,105,107,65,31,74,61,109,83,62,42,175,23,61,61,42,2,102,0,81,105,71,128,84,177,14,14,14,14,21,14,14,14,14,14,108,4,151,77,52,71,25,67,52,19,92,78,103,79,91,96,44,103,117,132,93,90,54,64,101,105,87,87,87,87
"18",1014,761,135,387,286,99,302,251,244,338,225,572,621,228,264,234,444,357,234,239,317,600,600,72,310,218,173,92,191,199,226,179,272,146,138,126,126,146,260,160,141,128,151,113,160,108,119,166,66,121,225,144,122,112,103,185,131,110,110,110,126,110,90,89,110,110,144,36,36,36,36,35,146,99,92,135,95,76,90,73,82,132,82,96,96,83,103,111,82,137,56,72,91,171,84,39,27,27,41,64,90,83,64,59,97,58,82,75,100,60,145,74,59,83,54,82,54,54,64,54,54,64,64,97,84,69,111,69,54,70,101,42,0,78,72,72,72,72,65,73,52,54,56,51,92,106,81,83,87,150,114,38,65,66,64,45,51,67,54,89,71,51,41,126,28,54,54,41,64,64,0,52,65,52,76,71,110,18,18,18,18,37,18,18,18,18,18,73,24,110,81,46,49,47,67,46,40,61,46,61,48,74,62,33,61,74,79,64,45,38,38,62,78,54,54,54,54
"19",673,624,510,408,304,374,293,304,238,243,267,234,234,206,241,202,238,234,267,247,275,200,200,272,236,197,180,173,200,188,176,191,176,149,147,126,126,143,153,166,174,131,131,149,150,143,126,147,59,112,136,120,110,121,122,135,155,113,113,113,105,110,90,71,110,110,127,136,136,136,136,36,120,120,98,110,83,78,81,98,76,99,82,102,89,101,88,116,79,84,62,66,83,75,86,80,102,102,44,70,84,84,70,59,60,82,76,79,91,110,70,77,95,86,54,70,54,54,64,54,54,64,64,77,58,56,45,60,54,78,77,57,0,68,60,60,60,60,32,51,73,59,69,78,65,55,55,55,49,50,68,77,85,57,61,64,41,57,48,56,50,57,41,50,40,48,48,41,55,55,0,60,57,64,56,65,51,68,68,68,68,56,68,68,68,68,68,45,25,47,50,49,45,53,53,49,43,63,46,51,54,58,60,63,51,52,60,64,72,61,57,57,58,45,45,45,45
"20",692,682,510,344,303,374,307,283,245,259,278,274,275,209,229,209,233,239,247,266,248,240,240,272,245,196,190,170,179,184,188,165,186,144,140,133,133,138,182,153,146,125,131,122,156,148,137,157,53,124,146,141,113,114,104,122,130,106,106,106,112,103,95,72,103,103,119,136,136,136,136,38,111,130,90,108,85,84,86,95,74,91,80,93,108,102,83,93,77,94,65,70,90,89,112,77,102,102,43,67,91,74,67,59,59,94,74,70,78,82,83,68,75,83,57,81,57,57,61,57,57,61,61,68,63,72,60,54,57,67,78,59,0,62,64,64,64,64,37,58,79,54,75,73,58,60,61,68,53,60,64,68,56,56,58,66,44,57,51,67,50,50,40,66,38,51,51,40,75,54,0,58,56,67,54,64,58,68,68,68,68,74,68,68,68,68,68,52,22,55,61,45,47,43,60,45,34,56,42,48,50,48,56,61,48,55,55,46,45,58,49,54,54,48,48,48,48
"21",1154,755,660,660,462,484,336,381,132,367,418,495,622,239,265,151,526,317,275,248,542,600,600,352,309,342,0,260,311,247,224,207,367,134,0,0,0,186,287,143,283,134,190,168,164,218,62,127,109,52,289,135,95,145,201,269,207,134,134,134,182,160,0,30,160,160,241,176,176,176,176,0,196,119,108,156,144,0,78,124,132,140,80,111,30,28,147,219,106,144,11,52,78,164,14,103,132,132,14,28,98,26,28,40,85,61,132,134,152,173,120,134,157,89,0,92,0,0,80,0,0,80,80,93,82,52,90,69,0,119,133,59,0,98,104,104,104,104,45,30,64,57,25,92,99,75,96,71,100,150,146,86,155,95,106,96,15,69,52,60,56,68,40,105,25,52,52,40,11,95,0,91,95,88,110,78,127,88,88,88,88,0,88,88,88,88,88,82,0,90,56,54,66,28,44,54,14,108,80,95,91,70,86,95,95,96,124,97,126,87,90,106,93,78,78,78,78
"22",1920,1080,0,480,480,0,280,200,160,640,440,1320,1600,320,360,240,1000,600,200,240,600,1600,1600,0,520,440,0,120,280,320,360,120,640,120,0,0,0,200,560,160,160,120,240,0,200,200,40,160,120,80,520,160,120,120,120,360,120,120,120,120,280,160,0,80,160,160,280,0,0,0,0,0,240,80,80,200,200,0,120,80,160,240,80,80,80,0,200,160,120,280,0,80,120,400,0,40,0,0,0,0,120,40,0,40,160,0,160,120,160,0,320,120,40,120,0,120,0,0,80,0,0,80,80,160,160,80,240,80,0,80,200,40,0,120,160,160,160,160,120,80,0,40,0,0,160,200,160,160,200,400,240,0,40,120,120,80,40,80,80,160,120,40,40,280,0,80,80,40,0,120,0,80,120,80,160,120,280,0,0,0,0,0,0,0,0,0,0,160,0,240,120,40,80,0,80,40,0,80,80,120,80,120,80,40,120,160,160,80,0,40,40,120,160,120,120,120,120
"23",1920,1080,0,480,480,0,280,200,160,640,440,1320,1600,320,360,240,1000,600,200,240,600,1600,1600,0,520,440,0,120,280,320,360,120,640,120,0,0,0,200,560,160,160,120,240,0,200,200,40,160,120,80,520,160,120,120,120,360,120,120,120,120,280,160,0,80,160,160,280,0,0,0,0,0,240,80,80,200,200,0,120,80,160,240,80,80,80,0,200,160,120,280,0,80,120,400,0,40,0,0,0,0,120,40,0,40,160,0,160,120,160,0,320,120,40,120,0,120,0,0,80,0,0,80,80,160,160,80,240,80,0,80,200,40,0,120,160,160,160,160,120,80,0,40,0,0,160,200,160,160,200,400,240,0,40,120,120,80,40,80,80,160,120,40,40,280,0,80,80,40,0,120,0,80,120,80,160,120,280,0,0,0,0,0,0,0,0,0,0,160,0,240,120,40,80,0,80,40,0,80,80,120,80,120,80,40,120,160,160,80,0,40,40,120,160,120,120,120,120
"24",472,480,2040,280,664,1496,272,344,160,352,848,0,64,280,288,120,56,72,272,272,352,0,0,1088,136,440,0,568,240,328,112,72,320,120,24,0,0,200,232,168,184,120,160,0,112,472,104,32,80,80,200,120,80,152,152,80,64,120,120,120,280,160,0,0,160,160,208,544,544,544,544,0,72,104,80,40,200,0,120,216,160,80,80,40,8,0,160,96,120,40,32,80,104,0,0,272,408,408,0,0,40,40,0,40,32,112,160,128,72,96,0,120,136,128,0,104,0,0,80,0,0,80,80,96,80,80,0,40,0,96,128,136,0,40,160,160,160,160,0,0,64,24,32,64,40,0,64,48,40,0,0,136,0,80,120,216,0,32,80,0,40,40,40,0,56,80,80,40,32,72,0,112,80,136,80,96,64,272,272,272,272,8,272,272,272,272,272,80,0,0,32,40,88,0,0,40,16,64,80,80,112,32,0,200,80,72,64,32,0,136,112,104,96,120,120,120,120
"25",918,742,255,390,303,187,257,253,226,313,249,475,544,218,248,215,404,310,236,245,309,520,520,136,317,218,160,120,202,195,231,160,258,138,118,112,112,142,226,156,153,122,146,113,170,124,104,160,64,106,207,115,110,110,101,176,150,106,106,106,126,108,80,78,108,108,142,68,68,68,68,32,142,128,88,132,95,73,86,79,82,128,78,97,116,98,99,109,80,136,52,68,93,156,84,51,51,51,37,58,107,69,58,55,75,63,82,75,99,71,138,74,65,94,48,75,48,48,62,48,48,62,62,83,78,57,87,55,48,65,93,46,0,81,72,72,72,72,49,61,59,56,62,57,78,88,77,88,84,130,107,54,63,68,64,53,45,59,52,95,64,49,39,100,28,52,52,39,32,67,0,59,68,66,72,77,99,34,34,34,34,82,34,34,34,34,34,65,20,88,59,44,45,37,68,44,25,57,46,59,50,69,73,43,59,75,75,58,45,49,42,62,72,54,54,54,54
"26",795,551,825,365,475,605,264,254,140,371,528,363,462,254,243,140,359,218,197,196,342,440,440,440,218,379,0,261,249,250,170,106,327,115,33,0,0,181,242,118,180,115,170,48,126,275,59,71,89,66,228,122,85,126,142,175,95,115,115,115,231,148,0,22,148,148,185,220,220,220,220,0,123,82,82,97,169,0,99,129,140,118,74,64,33,8,151,113,107,107,11,66,77,114,4,121,165,165,4,8,67,33,8,37,59,63,140,126,97,73,88,115,94,77,0,81,0,0,74,0,0,74,74,77,88,66,66,52,0,71,103,66,0,67,132,132,132,132,33,22,34,56,15,42,74,55,70,77,81,110,82,67,51,85,107,121,11,41,66,44,55,45,37,77,48,66,66,37,11,74,0,85,85,81,96,66,99,110,110,110,110,11,110,110,110,110,110,88,0,66,44,41,81,8,26,41,26,60,74,85,85,48,38,92,85,81,78,49,36,74,78,85,77,99,99,99,99
"27",282,465,0,96,62,0,190,149,297,112,0,120,30,132,166,228,30,173,180,190,0,0,0,0,160,0,309,0,40,80,126,136,0,132,236,231,231,66,50,140,20,99,53,102,110,0,159,150,0,149,10,90,109,66,10,10,70,66,66,66,0,33,165,106,33,33,0,0,0,0,0,63,40,90,66,60,0,142,66,33,0,50,66,70,130,140,10,0,33,40,99,66,73,33,140,10,0,0,66,99,60,110,99,66,52,70,0,0,20,10,50,0,0,60,99,40,99,99,33,99,99,33,33,50,33,53,30,40,99,23,20,33,0,33,0,0,0,0,30,76,60,40,90,40,30,53,23,40,10,0,10,30,0,13,0,0,66,43,33,60,40,33,33,30,33,33,33,33,90,10,0,10,10,20,0,40,3,0,0,0,0,90,0,0,0,0,0,10,43,30,50,33,10,63,60,33,53,10,0,0,0,40,30,0,0,10,0,20,0,10,0,0,20,0,0,0,0
"28",447,359,1065,237,403,781,204,230,96,229,466,99,154,170,181,90,121,92,173,170,260,120,120,568,120,261,0,375,161,196,92,66,217,77,9,0,0,123,164,104,130,77,114,24,80,257,59,37,167,46,148,78,53,94,102,83,63,77,77,77,161,100,0,54,100,100,139,284,284,284,284,96,67,68,54,45,133,0,69,121,96,62,50,36,9,4,99,81,73,45,17,46,63,32,2,169,213,213,42,4,35,23,4,41,31,61,96,80,59,71,24,77,88,77,0,65,0,0,50,0,0,50,50,63,52,46,42,46,0,65,85,74,0,35,92,92,92,92,33,6,40,18,19,44,36,15,56,35,53,38,26,77,23,53,73,117,11,27,46,12,37,29,41,21,36,46,46,41,17,58,80,67,53,79,56,60,55,142,142,142,142,3,142,142,142,142,142,52,32,18,26,27,51,4,8,27,8,48,58,53,67,28,14,110,53,51,52,31,18,78,66,67,63,69,69,69,69
"29",668,503,450,447,328,330,248,271,132,246,299,238,296,186,185,126,306,191,200,179,311,280,280,240,202,249,40,161,231,170,156,153,210,113,46,28,28,143,146,103,202,109,137,134,125,155,57,95,75,54,153,97,77,111,143,170,150,105,105,105,133,120,20,27,120,120,147,120,120,120,120,8,127,99,86,107,105,19,65,92,96,95,66,87,46,45,104,136,81,90,18,46,56,86,29,68,90,90,18,32,78,31,32,37,46,59,96,103,100,121,66,97,107,57,12,58,12,12,62,12,12,62,62,50,56,41,42,48,12,73,70,41,0,70,76,76,76,76,22,22,51,62,30,68,62,40,53,55,60,70,85,67,107,68,77,68,15,44,42,41,38,53,33,49,38,42,42,33,7,62,0,67,68,60,72,47,61,60,60,60,60,33,60,60,60,60,60,52,5,43,28,43,54,26,34,43,25,66,58,65,64,43,63,59,65,59,70,62,90,60,67,65,48,57,57,57,57
"30",631,492,615,261,337,451,213,207,164,279,365,296,346,200,218,150,252,199,188,184,247,320,320,328,195,250,80,196,170,198,145,103,233,106,81,56,56,134,190,128,120,98,124,46,111,192,80,85,58,80,169,98,82,99,93,118,80,90,90,90,154,104,40,44,104,104,130,164,164,164,164,16,93,74,68,78,112,34,82,97,92,96,64,58,51,40,104,77,78,82,33,60,74,88,32,94,123,123,18,28,56,56,28,40,55,55,92,79,71,49,76,74,63,78,24,66,24,24,56,24,24,56,56,77,68,54,54,46,24,57,84,57,0,52,88,88,88,88,32,34,36,39,33,36,60,54,56,59,58,80,58,55,28,58,70,85,24,39,52,46,50,36,32,62,34,52,52,32,29,53,0,59,58,63,64,63,74,82,82,82,82,23,82,82,82,82,82,62,12,56,45,34,53,22,32,34,28,44,48,56,57,49,30,69,56,59,56,41,18,55,51,60,67,66,66,66,66
"31",675,568,210,299,242,154,207,202,190,242,196,333,378,175,185,173,290,226,176,188,224,360,360,112,231,170,126,92,156,145,176,125,187,114,93,98,98,114,164,112,119,100,114,97,129,98,87,121,49,88,148,94,90,89,80,130,112,86,86,86,98,86,70,60,86,86,105,56,56,56,56,26,105,100,72,99,74,63,70,64,64,92,64,74,89,74,75,81,64,100,45,56,71,113,69,39,42,42,32,50,82,49,50,46,61,54,64,60,73,56,98,58,51,66,42,58,42,42,50,42,42,50,50,56,60,49,63,41,42,50,66,37,0,62,56,56,56,56,35,49,48,46,48,46,56,64,58,67,61,90,77,42,49,54,50,42,37,46,42,69,46,40,32,72,27,42,42,32,29,50,0,46,52,50,54,54,71,28,28,28,28,65,28,28,28,28,28,49,16,62,44,36,37,29,51,36,22,43,36,45,39,47,55,33,45,55,54,41,36,38,34,46,49,42,42,42,42
"32",502,448,135,374,170,99,240,244,179,146,93,157,137,135,153,150,191,179,191,165,207,120,120,72,160,106,136,66,153,103,125,177,90,118,110,105,105,100,82,105,151,103,93,165,106,48,93,117,45,80,77,94,85,90,105,116,138,88,88,88,42,79,75,54,79,79,85,36,36,36,36,28,99,84,82,92,40,63,48,56,44,65,62,88,56,76,52,108,53,58,47,42,47,53,68,26,27,27,40,65,62,57,65,46,52,57,44,59,75,109,43,58,82,41,45,44,45,45,47,45,45,47,47,43,33,37,33,49,45,64,43,27,0,55,24,24,24,24,24,41,58,52,49,70,50,40,36,30,31,30,61,50,103,40,38,21,33,48,27,34,30,51,31,36,30,27,27,31,47,37,0,37,38,31,38,31,27,18,18,18,18,28,18,18,18,18,18,23,20,33,36,41,28,50,40,41,39,55,32,35,34,39,55,26,35,30,46,58,90,35,41,36,28,18,18,18,18
"33",946,602,600,332,410,440,221,210,120,373,439,528,658,225,238,139,441,272,176,186,367,640,640,320,258,327,0,217,210,233,187,90,357,95,12,0,0,153,291,117,145,95,156,24,123,225,49,81,80,58,270,109,78,104,112,186,86,95,95,95,203,124,0,32,124,124,184,160,160,160,160,0,130,71,66,103,147,0,87,102,120,126,62,55,36,4,136,109,91,129,9,58,79,162,2,96,120,120,2,4,67,29,4,31,75,39,120,99,96,47,128,95,70,84,0,81,0,0,62,0,0,62,62,91,90,58,96,49,0,67,118,56,0,67,116,116,116,116,48,32,24,34,11,28,81,80,84,81,95,160,104,46,36,78,91,98,16,45,58,64,61,35,31,112,23,58,58,31,9,74,0,71,78,74,94,75,130,80,80,80,80,4,80,80,80,80,80,90,0,96,57,33,64,4,34,33,10,58,62,78,71,59,40,76,78,88,88,49,18,60,57,83,91,87,87,87,87
"34",399,391,225,225,183,165,180,178,188,163,144,147,138,142,147,152,139,146,149,144,134,120,120,120,138,115,132,77,113,106,114,118,95,107,109,112,112,93,86,94,92,91,82,100,90,75,91,91,33,86,72,78,81,78,66,75,83,75,75,75,63,68,80,54,68,68,65,60,60,60,60,28,67,70,66,65,49,68,59,57,44,58,58,60,61,64,51,57,51,51,51,50,53,50,60,37,45,45,36,56,51,53,56,45,51,51,44,46,49,53,44,43,46,45,48,41,48,48,42,48,48,42,42,41,40,42,30,36,48,43,39,34,0,43,36,36,36,36,21,42,42,40,43,42,38,39,34,37,29,30,38,39,43,37,35,33,35,37,34,36,31,37,29,33,32,34,34,29,39,30,0,33,33,33,32,34,31,30,30,30,30,39,30,30,30,30,30,28,20,30,32,33,29,36,34,33,34,32,26,29,29,32,34,28,29,29,30,33,36,30,30,29,29,27,27,27,27
"35",216,335,45,77,76,33,154,117,237,108,42,95,23,121,148,182,31,138,147,140,0,0,0,24,118,33,236,9,46,81,93,110,12,109,198,175,175,65,38,118,21,84,50,73,83,21,122,108,6,118,10,71,88,59,16,12,50,59,59,59,21,37,125,83,37,37,6,12,12,12,12,48,32,59,56,45,15,106,59,34,12,48,56,55,92,103,22,0,34,28,75,56,57,21,95,16,9,9,50,75,40,96,75,53,42,52,12,12,19,6,35,9,3,48,75,30,75,75,31,75,75,31,31,47,31,42,21,37,75,19,17,28,0,27,12,12,12,12,24,57,39,38,65,26,30,42,15,31,9,0,6,25,0,14,9,9,50,32,31,41,36,28,28,21,34,31,31,28,66,9,0,12,12,15,6,32,2,6,6,6,6,57,6,6,6,6,6,13,35,24,38,28,16,52,42,28,52,7,6,6,6,36,18,3,6,9,0,20,0,9,6,3,20,9,9,9,9
"36",217,350,0,77,63,0,133,119,252,98,0,84,21,112,126,189,21,126,126,133,0,0,0,0,112,0,231,0,28,56,98,105,0,112,175,196,196,56,35,98,14,84,42,91,77,0,126,105,0,119,7,63,91,56,7,7,49,56,56,56,0,28,140,84,28,28,0,0,0,0,0,49,28,63,56,42,0,119,56,28,0,35,56,49,91,98,7,0,28,28,84,56,56,28,98,7,0,0,56,84,42,77,84,56,56,49,0,0,14,7,35,0,0,42,84,28,84,84,28,84,84,28,28,35,28,42,21,28,84,21,14,28,0,28,0,0,0,0,21,63,42,28,63,28,21,42,21,28,7,0,7,21,0,14,0,0,56,35,28,42,28,28,28,21,28,28,28,28,63,7,0,7,7,14,0,28,7,0,0,0,0,63,0,0,0,0,0,7,35,21,35,28,7,49,42,28,42,7,0,0,0,28,21,0,0,7,0,14,0,7,0,0,14,0,0,0,0
"37",217,350,0,77,63,0,133,119,252,98,0,84,21,112,126,189,21,126,126,133,0,0,0,0,112,0,231,0,28,56,98,105,0,112,175,196,196,56,35,98,14,84,42,91,77,0,126,105,0,119,7,63,91,56,7,7,49,56,56,56,0,28,140,84,28,28,0,0,0,0,0,49,28,63,56,42,0,119,56,28,0,35,56,49,91,98,7,0,28,28,84,56,56,28,98,7,0,0,56,84,42,77,84,56,56,49,0,0,14,7,35,0,0,42,84,28,84,84,28,84,84,28,28,35,28,42,21,28,84,21,14,28,0,28,0,0,0,0,21,63,42,28,63,28,21,42,21,28,7,0,7,21,0,14,0,0,56,35,28,42,28,28,28,21,28,28,28,28,63,7,0,7,7,14,0,28,7,0,0,0,0,63,0,0,0,0,0,7,35,21,35,28,7,49,42,28,42,7,0,0,0,28,21,0,0,7,0,14,0,7,0,0,14,0,0,0,0
"38",467,381,375,249,247,275,182,180,140,201,240,189,216,154,153,122,191,146,143,138,186,200,200,200,142,181,66,123,143,134,114,100,153,93,65,56,56,107,120,86,112,85,98,74,88,125,65,71,47,64,110,80,69,82,84,99,79,77,77,77,105,84,40,34,84,84,95,100,100,100,100,14,77,64,62,67,79,34,61,71,68,68,54,54,41,36,75,71,61,61,29,46,51,62,32,57,75,75,20,32,49,37,32,35,45,47,68,66,59,57,50,61,58,47,24,47,24,24,46,24,24,46,46,45,48,42,36,36,24,47,53,38,0,45,60,60,60,60,21,28,34,40,27,38,44,37,40,43,41,50,48,43,45,47,53,55,21,33,38,32,33,35,27,41,32,38,38,27,23,40,0,45,45,43,48,38,47,50,50,50,50,23,50,50,50,50,50,42,10,36,30,31,41,22,26,31,26,38,38,43,43,32,32,44,43,41,42,35,36,40,42,43,39,45,45,45,45
"39",838,575,435,237,310,319,223,173,133,315,329,497,579,188,206,143,360,260,153,182,287,560,560,232,226,242,50,164,146,190,164,82,291,86,38,35,35,120,271,107,94,81,126,15,108,168,71,93,58,74,230,120,78,83,78,142,56,76,76,76,154,93,25,43,93,93,142,116,116,116,116,10,104,60,54,88,110,20,76,78,88,100,54,46,44,15,102,77,71,111,22,54,74,145,35,72,87,87,10,15,55,37,15,32,73,43,88,67,71,21,117,66,43,70,15,79,15,15,49,15,15,49,49,82,77,64,99,46,15,54,103,48,0,50,88,88,88,88,52,43,29,22,22,24,69,80,75,70,78,140,84,29,14,58,66,73,24,45,49,61,55,27,27,113,15,49,49,27,47,57,0,51,58,57,72,63,112,58,58,58,58,1,58,58,58,58,58,77,5,94,69,27,50,10,38,27,12,47,44,58,51,49,28,57,58,71,70,35,0,43,37,64,77,66,66,66,66
"40",418,389,315,187,183,231,159,160,170,166,173,185,184,136,170,144,143,160,166,153,143,160,160,168,156,118,140,104,103,128,112,105,117,94,118,98,98,86,107,120,76,80,77,63,92,92,87,92,30,82,90,68,73,71,54,68,76,66,66,66,70,62,70,57,62,62,70,84,84,84,84,28,65,66,56,61,52,60,58,59,44,69,52,56,64,69,55,49,48,53,47,48,60,53,54,53,63,63,30,46,47,69,46,40,43,45,44,39,48,39,54,38,39,65,42,43,42,42,38,42,42,38,38,62,42,36,33,38,42,41,52,39,0,39,40,40,40,40,25,39,37,31,46,34,43,44,35,38,32,40,36,42,24,32,34,41,32,34,34,42,39,30,26,37,24,34,34,26,36,31,0,33,32,39,32,49,38,42,42,42,42,37,42,42,42,42,42,31,21,37,36,28,26,35,35,28,31,29,24,28,29,44,28,37,28,33,32,35,18,33,27,32,45,30,30,30,30
"41",527,398,345,443,249,253,219,257,90,163,201,134,172,132,132,86,238,141,174,146,283,160,160,184,153,180,20,130,202,120,119,151,145,92,21,14,14,112,94,76,198,90,108,152,101,106,42,81,64,32,109,78,58,93,137,150,152,88,88,88,84,98,10,14,98,98,124,92,92,92,92,4,113,88,76,94,72,10,40,73,72,68,52,82,27,38,76,139,62,66,11,28,36,56,24,50,69,69,16,30,66,16,30,28,33,51,72,87,91,137,38,84,111,38,6,44,6,6,50,6,6,50,50,31,34,26,24,40,6,71,52,29,0,60,48,48,48,48,12,12,52,53,25,74,48,22,40,33,42,40,74,63,124,54,60,47,8,39,26,24,22,50,26,28,28,26,26,26,5,51,0,55,54,47,56,31,38,46,46,46,46,21,46,46,46,46,46,32,2,24,17,38,39,26,26,38,18,66,48,52,53,31,62,49,52,43,62,61,108,53,61,54,31,36,36,36,36
"42",368,341,225,214,174,165,161,161,152,149,144,135,135,126,129,125,136,128,131,125,134,120,120,120,122,115,99,77,109,98,100,103,95,91,84,84,84,85,81,80,90,79,76,87,79,75,73,76,33,69,71,69,68,70,65,74,76,67,67,67,63,64,60,42,64,64,65,60,60,60,60,21,63,61,58,59,49,51,51,53,44,53,50,53,48,50,50,57,47,47,39,42,45,46,46,36,45,45,28,44,45,42,44,37,43,44,44,46,47,52,39,43,46,39,36,37,36,36,38,36,36,38,38,36,36,36,27,32,36,40,37,30,0,39,36,36,36,36,18,33,36,36,34,38,35,33,31,33,28,30,37,36,43,35,35,33,27,32,30,30,27,33,25,30,28,30,30,25,30,29,0,32,32,31,32,30,30,30,30,30,30,30,30,30,30,30,30,27,15,27,27,29,28,29,28,29,28,31,26,29,29,28,31,28,29,28,30,31,36,29,30,29,27,27,27,27,27
"43",490,379,300,246,227,220,177,167,118,193,214,218,253,140,140,110,211,151,131,131,190,240,240,160,146,170,53,114,137,124,114,93,156,82,50,42,42,98,126,77,108,76,95,68,86,110,55,71,60,55,116,78,62,74,80,104,78,70,70,70,98,78,30,36,78,78,94,80,80,80,80,23,79,62,56,69,76,26,54,62,64,67,48,52,40,32,71,72,56,66,22,40,47,71,31,50,60,60,21,26,50,30,26,32,42,42,64,62,59,54,57,58,54,43,18,46,18,18,42,18,18,42,42,42,46,39,45,36,18,44,53,32,0,44,56,56,56,56,26,26,32,37,24,36,44,39,42,44,46,61,54,37,46,45,50,48,19,32,34,35,33,32,26,48,27,34,34,26,21,41,10,42,44,40,48,36,51,40,40,40,40,22,40,40,40,40,40,42,11,41,31,28,38,18,27,28,20,38,37,42,40,31,34,38,42,42,44,34,36,36,38,42,38,42,42,42,42
"44",339,337,0,374,105,0,190,224,141,70,0,33,9,88,88,111,130,113,149,122,168,0,0,0,113,48,102,24,134,46,97,165,24,100,73,91,91,74,15,63,152,87,68,189,85,0,69,96,36,54,27,64,66,74,99,100,144,74,74,74,0,61,65,37,61,61,60,0,0,0,0,22,85,82,74,80,12,56,26,37,24,38,50,82,45,69,26,108,37,39,39,26,26,27,59,2,0,0,38,63,59,29,63,38,38,48,24,48,66,124,17,48,84,18,39,25,39,39,37,39,39,37,37,11,13,20,9,34,39,57,17,13,0,50,0,0,0,0,8,29,57,49,41,74,31,18,23,15,16,0,52,46,120,32,24,0,26,40,13,21,11,49,25,9,25,13,13,25,26,28,0,28,28,20,24,12,4,0,0,0,0,36,0,0,0,0,0,3,15,8,14,37,15,44,32,37,28,51,24,24,24,22,60,12,24,16,36,52,108,28,36,24,4,0,0,0,0
"45",467,430,210,242,183,154,176,171,147,167,152,200,217,131,141,130,188,160,150,156,164,200,200,112,170,126,110,80,125,111,129,106,123,90,83,77,77,88,108,92,101,79,86,85,103,78,73,99,37,70,96,77,69,71,68,93,95,68,68,68,70,67,55,45,67,67,77,56,56,56,56,22,79,85,58,76,54,50,52,53,48,66,50,63,73,67,55,65,49,69,36,42,54,69,63,35,42,42,26,41,65,43,41,36,37,51,48,48,56,55,63,46,47,51,33,45,33,33,39,33,33,39,39,40,41,38,39,33,33,40,46,30,0,46,40,40,40,40,23,35,45,40,44,44,40,41,39,48,40,50,52,40,45,39,38,34,27,35,31,49,33,33,25,44,24,31,31,25,29,37,0,37,39,40,38,40,41,28,28,28,28,56,28,28,28,28,28,33,13,38,32,29,29,26,40,29,20,35,28,33,31,34,44,29,33,38,38,33,36,33,30,34,33,30,30,30,30
"46",443,345,885,185,371,649,168,176,100,253,452,165,226,180,177,90,159,108,143,148,218,200,200,472,124,275,0,257,155,192,98,48,225,75,21,0,0,125,168,92,106,75,110,0,78,243,51,33,55,50,150,80,55,88,88,85,41,75,75,75,175,100,0,10,100,100,127,236,236,236,236,0,63,56,50,45,125,0,75,109,100,70,50,30,17,0,105,59,75,55,13,50,61,50,0,123,177,177,0,0,35,25,0,25,33,53,100,82,53,39,40,75,64,67,0,61,0,0,50,0,0,50,50,59,60,50,30,30,0,49,77,64,0,35,100,100,100,100,15,10,26,26,13,26,40,25,46,47,45,50,30,59,5,55,75,109,5,23,50,20,35,25,25,35,34,50,50,25,13,48,0,63,55,69,60,54,61,118,118,118,118,7,118,118,118,118,118,60,0,30,28,25,57,0,10,25,14,36,50,55,63,28,10,90,55,53,46,23,0,64,58,61,59,75,75,75,75
"47",272,339,195,115,118,143,163,135,184,117,94,102,61,111,122,143,53,119,126,137,62,40,40,104,104,59,159,59,57,80,87,93,49,91,122,126,126,65,71,87,42,73,55,69,73,51,102,89,14,93,41,79,74,58,33,29,47,55,55,55,35,42,90,57,42,42,32,52,52,52,52,33,38,58,50,44,26,76,51,43,22,36,48,45,64,67,27,22,35,32,57,46,50,29,78,31,39,39,37,56,37,58,56,42,42,53,22,20,24,23,31,19,21,39,54,39,54,54,30,54,54,30,30,36,30,45,27,30,54,29,29,32,0,25,20,20,20,20,21,45,42,26,49,33,25,34,25,28,14,10,14,28,11,20,17,23,37,32,28,31,26,26,24,28,25,28,28,24,63,16,0,19,17,24,14,28,16,26,26,26,26,37,26,26,26,26,26,19,22,24,38,25,19,35,33,25,32,19,12,13,15,23,18,21,13,16,13,17,9,20,15,15,21,15,15,15,15
"48",430,430,60,216,117,44,187,161,163,132,67,192,177,111,128,140,156,166,147,157,127,160,160,32,160,71,150,37,95,85,121,117,81,91,108,105,105,71,93,92,81,76,71,96,99,33,89,114,26,82,72,85,73,62,54,76,90,61,61,61,35,51,75,56,51,51,54,16,16,16,16,30,71,81,56,74,29,66,45,37,28,55,48,65,80,80,35,55,38,61,46,40,51,62,85,15,12,12,34,53,61,53,53,39,39,53,28,31,47,49,59,31,36,43,45,43,45,45,33,45,45,33,33,37,33,40,42,35,45,36,37,23,0,40,20,20,20,20,27,44,50,37,53,46,37,44,34,41,31,40,46,31,44,28,23,14,34,38,25,49,31,32,24,46,20,25,25,24,52,28,0,25,28,28,26,33,30,8,8,8,8,54,8,8,8,8,8,24,18,39,40,28,20,35,45,28,25,32,18,22,19,32,42,14,22,28,30,31,36,22,19,23,25,15,15,15,15
"49",266,159,150,142,140,110,122,97,34,88,107,99,124,61,60,50,113,66,59,53,109,120,120,80,64,89,0,167,75,58,49,45,80,33,6,0,0,47,58,30,64,33,60,36,37,55,14,26,222,14,59,33,23,35,47,59,43,33,33,33,49,40,0,90,40,40,52,40,40,40,40,168,42,26,26,34,66,0,21,30,34,32,20,25,8,6,37,45,27,31,2,14,17,33,3,65,30,30,73,6,22,7,6,38,17,16,34,35,33,36,24,33,34,17,0,20,0,0,20,0,0,20,20,18,20,14,60,44,0,24,26,13,0,22,28,28,28,28,51,6,13,18,5,19,22,15,33,18,50,44,30,19,33,23,27,24,17,14,14,12,27,16,38,21,25,14,14,38,2,35,140,22,23,19,26,15,25,20,20,20,20,2,20,20,20,20,20,20,56,18,11,13,19,6,9,13,7,22,34,23,22,14,18,20,23,21,25,20,27,19,22,23,18,21,21,21,21
"50",276,323,150,92,116,110,144,113,177,126,96,128,98,112,120,140,70,121,112,124,52,80,80,80,106,66,149,46,54,80,88,80,58,86,118,119,119,64,74,82,32,69,55,54,70,50,93,82,14,89,46,72,71,54,26,30,38,52,52,52,42,41,85,56,41,41,30,40,40,40,40,31,36,52,46,42,30,72,52,39,24,40,46,40,64,62,30,14,35,36,53,46,49,37,70,26,30,30,34,51,36,56,51,40,42,46,24,20,22,10,38,18,12,38,51,36,51,51,29,51,51,29,29,36,33,43,30,28,51,23,28,29,0,25,24,24,24,24,22,44,34,26,44,24,26,37,25,32,18,20,16,22,2,21,18,22,36,29,29,34,28,23,23,32,25,29,29,23,54,16,0,18,18,22,16,28,21,20,20,20,20,38,20,20,20,20,20,22,21,28,36,23,20,31,32,23,31,14,12,14,14,24,16,16,14,18,12,14,0,16,12,14,22,18,18,18,18
"51",764,486,375,265,288,275,175,162,93,278,295,436,533,163,179,110,354,225,136,146,289,520,520,200,207,228,10,148,153,169,148,77,270,72,10,7,7,110,230,90,109,71,116,27,96,150,41,72,59,46,211,87,61,76,83,147,71,70,70,70,140,89,5,29,89,89,139,100,100,100,100,2,104,55,50,84,102,4,62,70,84,96,46,45,30,7,97,88,65,103,9,42,60,133,9,63,75,75,4,7,53,23,7,24,62,28,84,69,75,38,105,68,52,63,3,63,3,3,45,3,3,45,45,71,67,44,81,39,3,53,92,39,0,52,80,80,80,80,41,29,21,23,11,24,64,67,67,61,74,130,86,31,33,57,64,65,15,38,41,53,47,27,23,94,12,41,41,23,14,56,0,50,57,53,70,57,103,50,50,50,50,1,50,50,50,50,50,67,1,80,49,25,44,6,30,25,6,47,44,57,50,47,34,52,57,67,70,40,18,42,39,62,70,60,60,60,60
"52",415,376,225,186,164,165,215,154,127,156,155,189,175,119,117,111,144,144,120,141,135,160,160,120,115,122,90,78,97,98,94,94,109,78,71,63,63,80,120,68,78,69,78,64,77,80,79,85,33,72,87,108,65,63,65,73,53,60,60,60,70,61,45,35,61,61,67,60,60,60,60,18,61,55,50,60,53,37,48,50,46,44,44,48,43,37,50,52,45,51,30,38,43,53,65,34,45,45,21,33,40,36,33,31,38,56,46,45,41,40,43,42,40,27,27,52,27,27,35,27,27,35,35,33,37,53,48,36,27,37,43,28,0,29,40,40,40,40,28,34,42,32,34,39,36,37,34,36,30,40,37,26,34,31,36,35,22,34,29,28,27,28,22,52,24,29,29,22,67,28,0,30,31,28,34,23,34,30,30,30,30,12,30,30,30,30,30,36,9,40,47,25,34,23,30,25,25,34,26,30,29,19,23,28,30,29,31,23,27,26,28,30,25,30,30,30,30
"53",324,314,150,149,134,110,140,126,149,132,107,142,134,110,115,122,112,122,110,113,95,120,120,80,110,85,109,53,77,82,90,85,78,81,88,91,91,69,78,73,58,68,62,66,69,55,74,73,23,71,61,65,64,57,43,54,54,55,55,55,49,49,65,45,49,49,47,40,40,40,40,23,49,51,48,49,37,55,47,41,32,45,44,43,50,49,38,36,38,42,41,40,43,45,51,26,30,30,28,43,38,43,43,35,42,39,32,31,34,29,40,29,27,35,39,34,39,39,31,39,39,31,31,34,33,36,30,28,39,30,32,26,0,31,28,28,28,28,20,36,31,28,34,28,30,35,28,31,24,30,29,25,23,27,25,24,29,29,27,31,26,26,22,33,23,27,27,22,37,22,0,23,24,24,24,27,28,20,20,20,20,29,20,20,20,20,20,24,16,29,30,24,22,27,28,24,26,22,18,21,20,25,23,19,21,23,22,22,18,20,19,21,24,21,21,21,21
"54",351,305,285,211,183,209,149,154,120,144,167,123,134,117,119,101,134,112,121,114,145,120,120,152,110,126,66,94,111,99,89,90,104,78,59,56,56,82,83,71,93,70,74,74,71,88,58,62,35,54,76,63,57,66,68,75,71,62,62,62,70,64,40,30,64,64,71,76,76,76,76,14,61,55,52,54,54,34,46,55,48,50,44,47,35,36,53,60,46,44,28,36,40,42,32,43,57,57,20,32,40,32,32,30,36,40,48,49,47,54,34,46,50,37,24,36,24,24,36,24,24,36,36,34,34,32,24,29,24,40,39,30,0,36,40,40,40,40,15,24,32,32,26,36,33,27,30,30,28,30,36,37,43,35,38,39,19,28,28,24,24,30,22,27,25,28,28,22,22,30,0,34,33,33,34,29,31,38,38,38,38,21,38,38,38,38,38,28,10,24,23,26,29,22,22,26,22,32,28,31,32,25,28,34,31,29,32,30,36,32,33,32,28,30,30,30,30
